852 147 639 284 751 963 418 572 306 895 421 738 169 547 283 914 675 328 491 856 237 614 789 453 962 371 548 826 195 743 617 489 235 768 341 879 526 134 697 472 815 293 654 187 936 512 749 368 271 645 819 437 958 623 174 586 321 795 468 213 754 837 296 541 678 329 415 872 563 198 734 629 415 876 342 785 219 647 953 428 361 794 582 137 675 819 436 258 743 967 315 624 489 751 238 694 573 816 349 472
341 789 562 137 948 625 473 816 294 758 361 842 579 214 687 953 428 176 539 764 281 695 347 812 569 423 178 645 839 276 514 763 298 641 857 432 179 568 923 745 318 674 539 216 785 462 937 581 324 769 415 823 657 194 736 521 389 674 258 843 617 495 132 768 345 819 672 437 958 261 743 589 316 874 521 398 674 235 789 456 123 987 654 321 876 543 219 768 435 892 567 314 729 648 273 815 496 752 638 174
567 892 341 728 456 913 278 645 839 124 687 453 972 318 546 789 235 614 857 492 163 745 328 679 514 896 237 481 756 329 674 548 213 867 395 721 468 932 157 684 519 276 843 612 497 385 764 239 518 673 429 856 341 792 568 147 935 278 614 753 896 421 567 348 912 675 284 739 456 128 693 547 821 376 459 283 714 968 532 197 645 389 726 451 873 296 514 768 342 819 657 234 789 561 438 927 316 845 672 193
674 291 835 462 718 539 246 873 195 647 328 756 914 283 576 431 869 752 317 648 925 183 674 539 821 476 398 215 743 689 257 834 621 478 395 162 749 583 216 847 532 719 468 135 927 654 318 796 543 281 674 839 425 167 958 632 479 216 745 398 827 561 374 819 642 587 231 769 453 128 694 573 816 349 672 435 198 743 826 519 637 284 715 469 238 751 694 532 187 643 819 476 325 768 491 237 854 619 372 548
123 456 789 234 567 890 345 678 901 432 765 198 543 876 209 654 387 120 987 654 321 789 456 123 876 543 210 987 654 321 456 789 123 654 987 321 456 789 123 654 321 987 654 123 789 456 321 987 654 321 789 456 123 789 456 123 987 654 321 456 789 123 654 987 321 456 789 123 654 321 789 456 123 987 654 321 456 789 123 654 987 321 456 789 123 654 321 987 654 321 456 789 123 456 789 123 987 654 321 456
789 451 236 789 543 812 673 459 128 674 593 826 417 385 726 159 483 672 591 834 267 415 739 628 157 483 926 574 318 769 452 183 674 529 816 347 295 718 463 928 571 346 819 652 437 281 764 539 216 875 432 697 514 238 769 451 823 674 539 286 714 693 257 841 632 479 315 768 493 126 857 634 219 748 563 412 987 654 321 876 543 219 768 435 892 567 341 729 658 273 819 456 742 638 179 524 863 297 415 638
937 582 146 739 428 615 873 264 591 826 417 385 726 159 483 672 591 834 267 415 739 628 157 483 926 574 318 769 452 183 674 529 816 347 295 718 463 928 571 346 819 652 437 281 764 539 216 875 432 697 514 238 769 451 823 674 539 286 714 693 257 841 632 479 315 768 493 126 857 634 219 748 563 412 987 654 321 876 543 219 768 435 892 567 341 729 658 273 819 456 742 638 179 524 863 297 415 638 721 354
481 726 359 814 673 528 194 763 847 231 685 472 913 256 789 341 627 854 219 768 435 892 567 341 729 658 273 819 456 742 638 179 524 863 297 415 638 721 354 987 562 134 789 623 478 915 362 871 543 296 784 617 239 856 473 192 768 345 819 672 437 958 261 743 589 316 874 521 398 674 235 789 456 123 987 654 321 876 543 219 768 435 892 567 341 729 658 273 819 456 742 638 179 524 863 297 415 638 721 354
294 761 538 472 915 683 274 819 653 428 176 539 764 281 695 347 812 569 423 178 645 839 276 514 763 298 641 857 432 179 568 923 745 318 674 539 216 785 462 937 581 324 769 415 823 657 194 736 521 389 674 258 843 617 495 132 768 345 819 672 437 958 261 743 589 316 874 521 398 674 235 789 456 123 987 654 321 876 543 219 768 435 892 567 341 729 658 273 819 456 742 638 179 524 863 297 415 638 721 354
563 819 274 635 418 972 356 781 624 479 218 653 947 326 579 814 263 748 591 426 317 854 692 175 483 926 574 318 769 452 183 674 529 816 347 295 718 463 928 571 346 819 652 437 281 764 539 216 875 432 697 514 238 769 451 823 674 539 286 714 693 257 841 632 479 315 768 493 126 857 634 219 748 563 412 987 654 321 876 543 219 768 435 892 567 341 729 658 273 819 456 742 638 179 524 863 297 415 638 721
178 439 826 574 293 718 465 932 571 346 819 652 437 281 764 539 216 875 432 697 514 238 769 451 823 674 539 286 714 693 257 841 632 479 315 768 493 126 857 634 219 748 563 412 987 654 321 876 543 219 768 435 892 567 341 729 658 273 819 456 742 638 179 524 863 297 415 638 721 354 987 562 134 789 623 478 915 362 871 543 296 784 617 239 856 473 192 768 345 819 672 437 958 261 743 589 316 874 521 398
635 892 147 528 769 341 826 473 918 265 734 189 546 832 679 124 857 463 291 745 618 349 872 536 219 784 657 423 198 765 342 819 674 539 286 714 693 257 841 632 479 315 768 493 126 857 634 219 748 563 412 987 654 321 876 543 219 768 435 892 567 341 729 658 273 819 456 742 638 179 524 863 297 415 638 721 354 987 562 134 789 623 478 915 362 871 543 296 784 617 239 856 473 192 768 345 819 672 437 958
429 817 563 298 745 612 389 574 821 436 179 658 923 745 318 674 539 216 785 462 937 581 324 769 415 823 657 194 736 521 389 674 258 843 617 495 132 768 345 819 672 437 958 261 743 589 316 874 521 398 674 235 789 456 123 987 654 321 876 543 219 768 435 892 567 341 729 658 273 819 456 742 638 179 524 863 297 415 638 721 354 987 562 134 789 623 478 915 362 871 543 296 784 617 239 856 473 192 768 345
756 283 619 472 835 294 761 538 472 915 683 274 819 653 428 176 539 764 281 695 347 812 569 423 178 645 839 276 514 763 298 641 857 432 179 568 923 745 318 674 539 216 785 462 937 581 324 769 415 823 657 194 736 521 389 674 258 843 617 495 132 768 345 819 672 437 958 261 743 589 316 874 521 398 674 235 789 456 123 987 654 321 876 543 219 768 435 892 567 341 729 658 273 819 456 742 638 179 524 863
912 347 685 234 769 518 423 976 281 634 897 542 183 674 529 816 347 295 718 463 928 571 346 819 652 437 281 764 539 216 875 432 697 514 238 769 451 823 674 539 286 714 693 257 841 632 479 315 768 493 126 857 634 219 748 563 412 987 654 321 876 543 219 768 435 892 567 341 729 658 273 819 456 742 638 179 524 863 297 415 638 721 354 987 562 134 789 623 478 915 362 871 543 296 784 617 239 856 473 192
